17
18
14
19
17
17
13
15
14
12
12
14
15
9
13
11
11
11
9
10
7
13
13
11
10
12
10
11
8
11
9
11
10
11
11
8
10
10
12
3
10
11
8
7
13
5
10
5
10
7
11
9
9
16
14
13
18
16
17
15
11
15
13
12
16
9
9
14
13
12
13
11
10
12
14
12
11
16
11
11
14
12
11
9
8
10
7
12
14
6
12
11
7
14
11
10
10
13
4
10
12
6
7
7
6
5
16
16
17
15
15
17
14
13
19
15
11
18
15
16
13
17
11
14
17
11
10
12
10
13
14
13
10
13
14
10
10
15
8
9
8
9
8
8
8
7
11
8
8
10
13
8
9
6
11
9
9
8
6
16
16
17
15
15
17
14
13
19
15
11
18
15
16
13
17
11
14
17
11
10
12
10
13
14
13
10
13
14
10
10
15
8
9
8
9
8
8
8
7
11
8
8
10
13
8
9
6
11
9
9
8
6
19
16
17
14
17
20
15
17
14
12
15
15
16
13
13
13
10
13
17
11
11
18
14
15
15
16
11
14
14
10
11
11
9
9
8
6
12
13
7
12
16
11
9
12
11
5
12
9
12
7
10
8
4
17
14
14
20
17
18
17
12
16
13
13
13
12
9
9
14
13
14
14
14
13
9
14
9
8
11
7
5
6
13
11
11
6
7
10
8
4
11
9
9
14
9
7
7
11
6
9
8
7
6
11
6
6
17
20
16
18
22
12
12
12
12
11
15
11
12
13
8
11
9
12
15
10
11
12
13
14
12
13
9
12
13
9
9
9
7
6
9
5
10
12
7
5
11
9
7
10
12
7
7
6
9
5
9
7
6
